(.venv) PS C:\projetos\py_imputation\main> python knn.py

=== Base: wine ===

=== Base: image_segmentation ===

=== Base: pen_based_recognition ===

=== Base: student ===

=== Base: obesity ===

=== Base: bank_marketing ===

=== Base: balance_scale ===

=== Base: nursery ===

=== Base: car_evaluation ===

=== Resumo final (acurácia de imputação e classificadores) ===
                                   imp_simple           imp_weighted           imp_gower           clf_original           clf_simple           clf_weighted           clf_gower            seed  \
                                         mean       std         mean       std      mean       std         mean       std       mean       std         mean       std      mean       std  mean
dataset               missing_frac
balance_scale         0.1            0.844961  0.045017     0.837209  0.047699  0.834884  0.043336     0.832447  0.015476   0.829255  0.019069     0.831738  0.019330  0.831206  0.019403  24.5
                      0.2            0.849808  0.030476     0.843295  0.027414  0.839080  0.028155     0.832447  0.015476   0.830674  0.021913     0.829610  0.021115  0.830142  0.022780  24.5
                      0.3            0.844529  0.022456     0.847328  0.025594  0.831298  0.029281     0.832447  0.015476   0.828014  0.020403     0.828014  0.021154  0.827305  0.023363  24.5
bank_marketing        0.1            0.388043  0.006674     0.397587  0.008432  0.388717  0.007588     0.388536  0.003241   0.388565  0.003109     0.391544  0.003025  0.388654  0.002981  24.5
                      0.2            0.385585  0.006223     0.396914  0.005683  0.385843  0.004401     0.388536  0.003241   0.387762  0.003957     0.394476  0.003721  0.388337  0.003668  24.5
                      0.3            0.385777  0.004458     0.397879  0.005347  0.386198  0.004322     0.388536  0.003241   0.387781  0.003981     0.396400  0.004118  0.388197  0.003829  24.5
car_evaluation        0.1            0.886389  0.026214     0.920278  0.027306  0.886389  0.026214     0.887604  0.010349   0.878420  0.010086     0.883301  0.010316  0.878420  0.010086  24.5
                      0.2            0.889627  0.024087     0.903734  0.019687  0.889627  0.024087     0.887604  0.010349   0.871933  0.012025     0.877778  0.011960  0.871933  0.012025  24.5
                      0.3            0.887109  0.015247     0.891436  0.022584  0.887109  0.015247     0.887604  0.010349   0.862299  0.012035     0.870713  0.009498  0.862299  0.012035  24.5
image_segmentation    0.1            0.612008  0.040012     0.431677  0.062106  0.612008  0.040012     0.632709  0.015627   0.620893  0.015800     0.608021  0.018318  0.620893  0.015800  24.5
                      0.2            0.601135  0.035867     0.417441  0.055126  0.601135  0.035867     0.632709  0.015627   0.606484  0.018102     0.577474  0.022459  0.606484  0.018102  24.5
                      0.3            0.593402  0.023007     0.410584  0.048873  0.593402  0.023007     0.632709  0.015627   0.588905  0.020892     0.537512  0.022050  0.588905  0.020892  24.5
nursery               0.1            0.930356  0.007823     0.965638  0.006403  0.930356  0.007823     0.930290  0.004007   0.925300  0.003930     0.929347  0.003924  0.925300  0.003930  24.5
                      0.2            0.930522  0.006300     0.964517  0.004065  0.930522  0.006300     0.930290  0.004007   0.920576  0.004564     0.928266  0.003901  0.920576  0.004564  24.5
                      0.3            0.931165  0.006448     0.962330  0.004105  0.931165  0.006448     0.930290  0.004007   0.916161  0.004075     0.927015  0.003683  0.916161  0.004075  24.5
obesity               0.1            0.763946  0.034878     0.843537  0.030839  0.816100  0.029218     0.772608  0.011680   0.762723  0.012548     0.767928  0.011402  0.765825  0.013051  24.5
                      0.2            0.755480  0.023464     0.829605  0.020063  0.807797  0.021699     0.772608  0.011680   0.753470  0.012289     0.762408  0.011987  0.758885  0.012582  24.5
                      0.3            0.742137  0.015455     0.821971  0.019542  0.794507  0.017887     0.772608  0.011680   0.743586  0.015019     0.759569  0.013103  0.751840  0.012546  24.5
pen_based_recognition 0.1            0.991287  0.004157     0.990941  0.004498  0.990984  0.003996     0.990944  0.001819   0.990580  0.001838     0.990641  0.001821  0.990641  0.001852  24.5
                      0.2            0.990377  0.002465     0.989900  0.002830  0.990030  0.002318     0.990944  0.001819   0.990237  0.002100     0.990439  0.001853  0.990277  0.002138  24.5
                      0.3            0.989731  0.002787     0.989168  0.002721  0.989645  0.002588     0.990944  0.001819   0.989893  0.002071     0.989923  0.001953  0.989883  0.002167  24.5
student               0.1            0.122222  0.048035     0.380741  0.065698  0.140741  0.059323     0.141026  0.026313   0.136581  0.020088     0.142393  0.021993  0.138120  0.021206  24.5
                      0.2            0.133333  0.032883     0.369630  0.051618  0.149630  0.037791     0.141026  0.026313   0.133162  0.021014     0.144786  0.024229  0.136752  0.018135  24.5
                      0.3            0.136049  0.024643     0.361728  0.034748  0.156543  0.033958     0.141026  0.026313   0.132308  0.023147     0.143590  0.026664  0.138291  0.026235  24.5
wine                  0.1            0.958333  0.052477     0.950000  0.056222  0.966667  0.046937     0.967901  0.020012   0.966667  0.019694     0.966049  0.019503  0.966049  0.018887  24.5
                      0.2            0.956944  0.035429     0.954167  0.036864  0.969444  0.028812     0.967901  0.020012   0.965432  0.020479     0.963580  0.021466  0.966049  0.018887  24.5
                      0.3            0.952252  0.029847     0.955856  0.032123  0.964865  0.024740     0.967901  0.020012   0.964815  0.021393     0.963580  0.020908  0.966049  0.019503  24.5


                                         std
dataset               missing_frac
balance_scale         0.1           8.803408
                      0.2           8.803408
                      0.3           8.803408
bank_marketing        0.1           8.803408
                      0.2           8.803408
                      0.3           8.803408
car_evaluation        0.1           8.803408
                      0.2           8.803408
                      0.3           8.803408
image_segmentation    0.1           8.803408
                      0.2           8.803408
                      0.3           8.803408
nursery               0.1           8.803408
                      0.2           8.803408
                      0.3           8.803408
obesity               0.1           8.803408
                      0.2           8.803408
                      0.3           8.803408
pen_based_recognition 0.1           8.803408
                      0.2           8.803408
                      0.3           8.803408
student               0.1           8.803408
                      0.2           8.803408
                      0.3           8.803408
wine                  0.1           8.803408
                      0.2           8.803408
                      0.3           8.803408
(.venv) PS C:\projetos\py_imputation\main>